% vbb version=1.400000
nFrame=94 n=4
log=[736620.901055 736620.901168 736620.901281 736620.901345 736620.901371 736620.901478 736620.901527 736620.901562 736620.902514 736620.902551 736620.902568 736620.902654 736620.902693 736620.902739 736620.902780 736620.902795 736620.902810 736620.902827 736620.902850 736620.902865 736620.902902 736620.902953 736620.903036 736620.903057 736620.903161 736620.903184 736620.903207 736620.903279 736620.903356 736620.903373 736620.903393 736620.903438 736620.903481 736620.903518 736620.903543 736620.903572 736620.903618 736620.904392 736620.904421 736620.904447 736620.904467 736620.904489 736620.904628 736620.904649 736620.904670 736620.904784 736620.904803 736620.904831 736620.904871 736620.904941 736620.904993 736620.905010 736620.905040 736620.905069 736620.905191 736620.905217 736620.905254 736620.905282 736620.905421 736620.905448 736620.905467 736620.905640 736620.905660 736620.905677 736620.905693 736620.905737 736620.905864 736620.905894 736620.905920 736620.906031 736620.906049 736620.906064 736620.906078 736620.906094 736620.906109 736620.906139 736620.906182 736620.906310 736620.906350 736620.906384 736620.906426 736620.906602 736620.906666 736620.906780 736620.906831 736620.906857 736620.906871 736620.906962 736620.906980 736620.907116 736620.907139 736620.907158 736620.907334 736620.907421 736620.907532 736620.907563 736620.907604 736620.907618 736620.907790 736620.907831 736620.907854 736620.907873 736620.907941 736620.907973 736620.907994 736620.908008 736620.908030 736620.908071 736620.908090 736620.908118 736620.908134 736620.908225 736620.908498 736620.908603 736620.908673 736620.908701 736620.908718 736620.908744 736620.908874 736620.908898 736620.908935 736620.908953 736620.908979 736620.909011 736620.909040 736620.909512 ]

-----------------------------------
lbl='ride_person' str=3 end=3 hide=0
pos =[195.333597 170.681818 23.961965 63.932347; ]
posv=[0.000000 0.000000 0.000000 0.000000; ]
occl=[0 ]
lock=[1 ]

-----------------------------------
lbl='person?' str=5 end=88 hide=0
pos =[193.622029 170.681818 23.961965 65.150106; 192.366878 171.247529 24.735087 65.542705; 191.111727 171.714553 25.396243 65.987741; 189.856577 172.047664 25.940468 66.473941; 188.601426 172.318345 26.415376 66.990482; 187.346276 172.455001 26.738548 67.543106; 186.091125 172.493173 26.945626 68.140678; 184.835975 172.508457 27.042789 68.803383; 183.580824 172.301385 27.041251 69.544342; 182.325674 171.796555 27.037038 70.356473; 181.070523 171.168548 27.030755 71.232188; 179.815372 170.345750 27.012493 72.184710; 178.560222 169.225956 26.977955 73.217798; 177.305071 167.937855 26.936157 74.309662; 176.049921 166.410756 26.882886 75.473717; 174.794770 164.593023 26.814580 76.718816; 173.349445 164.552431 27.557760 77.970337; 171.904120 164.511839 28.205160 79.031300; 170.458796 164.471247 28.728950 79.829175; 169.013471 164.430655 29.172739 80.476334; 167.568146 164.390063 29.548579 81.005468; 166.122821 164.349471 29.781300 81.224524; 164.677496 164.308879 29.894132 81.214767; 163.232171 164.268288 29.972516 81.187971; 161.786846 164.227696 30.034595 81.147851; 160.341521 164.187104 30.090949 81.028783; 158.896197 164.146512 30.138323 80.800806; 157.450872 164.105920 30.174111 80.521126; 156.005547 164.065328 30.201646 80.168110; 154.560222 164.024736 30.223899 79.702337; 153.114897 163.984144 30.237718 79.154334; 151.545336 162.560306 30.637330 81.271133; 149.897075 161.402007 31.011344 83.119634; 148.175378 160.658140 31.356822 84.623834; 146.373228 160.198979 31.676075 85.893427; 144.487112 159.856466 31.972666 86.970723; 142.527554 159.721987 32.245544 87.678647; 140.478516 160.292812 32.494521 88.033160; 138.326934 161.244186 32.717318 88.307621; 136.079953 162.195560 32.916209 88.579446; 133.717116 162.766385 33.090333 88.896406; 131.214580 162.495109 33.239249 89.406938; 128.580141 161.886119 33.366786 90.090813; 125.836500 160.794193 33.478168 90.931559; 122.987207 158.995100 33.577553 91.959985; 120.024564 156.677590 33.660856 93.158562; 116.677496 154.135732 34.987091 93.848102; 113.330428 152.110204 36.076376 94.622073; 109.983360 150.744668 36.882009 95.462562; 106.636292 149.810939 37.491253 96.361650; 103.289223 149.371036 37.844691 97.420719; 99.942155 149.752162 37.953918 98.903409; 96.595087 150.571680 38.022149 100.641064; 93.248019 151.343805 38.070089 102.131288; 89.900951 152.026244 38.107675 103.348203; 86.553883 152.415433 38.136087 104.118393; 83.206815 152.381747 38.161033 104.370702; 79.859746 152.289608 38.182691 104.533012; 76.512678 152.152397 38.200333 104.630178; 73.165610 151.794523 38.214353 104.696945; 69.818542 151.197674 38.225040 104.727273; 66.015055 150.669979 38.757528 105.660888; 62.211569 150.142283 39.290016 106.594503; 58.408082 149.614588 39.822504 107.528118; 54.604596 149.086892 40.354992 108.461734; 50.801109 148.559197 40.887480 109.395349; 46.997623 148.031501 41.419968 110.328964; 43.194136 147.503805 41.952456 111.262579; 39.390650 146.976110 42.484945 112.196195; 35.587163 146.448414 43.017433 113.129810; 31.783677 145.920719 43.549921 114.063425; 27.980190 145.393023 44.082409 114.997040; 24.176704 144.865328 44.614897 115.930655; 20.373217 144.337632 45.147385 116.864271; 16.569731 143.809937 45.679873 117.797886; 12.766244 143.282241 46.212361 118.731501; 9.061888 142.770590 44.993245 120.118337; 6.490491 142.064482 42.789223 121.167019; 5.479704 140.000606 40.663766 121.401550; 4.801654 136.810980 38.264687 121.527837; 4.358162 134.149049 35.648498 121.775899; 4.012948 132.403594 32.788151 123.683721; 3.746965 130.942283 29.641866 127.905285; 3.637876 129.886892 26.244057 133.344609; ]
posv=[0.000000 0.000000 0.000000 0.000000; 0.000000 0.000000 0.000000 0.000000; 0.000000 0.000000 0.000000 0.000000; 0.000000 0.000000 0.000000 0.000000; 0.000000 0.000000 0.000000 0.000000; 0.000000 0.000000 0.000000 0.000000; 0.000000 0.000000 0.000000 0.000000; 0.000000 0.000000 0.000000 0.000000; 0.000000 0.000000 0.000000 0.000000; 0.000000 0.000000 0.000000 0.000000; 0.000000 0.000000 0.000000 0.000000; 0.000000 0.000000 0.000000 0.000000; 0.000000 0.000000 0.000000 0.000000; 0.000000 0.000000 0.000000 0.000000; 0.000000 0.000000 0.000000 0.000000; 0.000000 0.000000 0.000000 0.000000; 0.000000 0.000000 0.000000 0.000000; 0.000000 0.000000 0.000000 0.000000; 0.000000 0.000000 0.000000 0.000000; 0.000000 0.000000 0.000000 0.000000; 0.000000 0.000000 0.000000 0.000000; 0.000000 0.000000 0.000000 0.000000; 0.000000 0.000000 0.000000 0.000000; 0.000000 0.000000 0.000000 0.000000; 0.000000 0.000000 0.000000 0.000000; 0.000000 0.000000 0.000000 0.000000; 0.000000 0.000000 0.000000 0.000000; 0.000000 0.000000 0.000000 0.000000; 0.000000 0.000000 0.000000 0.000000; 0.000000 0.000000 0.000000 0.000000; 0.000000 0.000000 0.000000 0.000000; 0.000000 0.000000 0.000000 0.000000; 0.000000 0.000000 0.000000 0.000000; 0.000000 0.000000 0.000000 0.000000; 0.000000 0.000000 0.000000 0.000000; 0.000000 0.000000 0.000000 0.000000; 0.000000 0.000000 0.000000 0.000000; 0.000000 0.000000 0.000000 0.000000; 0.000000 0.000000 0.000000 0.000000; 0.000000 0.000000 0.000000 0.000000; 0.000000 0.000000 0.000000 0.000000; 0.000000 0.000000 0.000000 0.000000; 0.000000 0.000000 0.000000 0.000000; 0.000000 0.000000 0.000000 0.000000; 0.000000 0.000000 0.000000 0.000000; 0.000000 0.000000 0.000000 0.000000; 0.000000 0.000000 0.000000 0.000000; 0.000000 0.000000 0.000000 0.000000; 0.000000 0.000000 0.000000 0.000000; 0.000000 0.000000 0.000000 0.000000; 0.000000 0.000000 0.000000 0.000000; 0.000000 0.000000 0.000000 0.000000; 0.000000 0.000000 0.000000 0.000000; 0.000000 0.000000 0.000000 0.000000; 0.000000 0.000000 0.000000 0.000000; 0.000000 0.000000 0.000000 0.000000; 0.000000 0.000000 0.000000 0.000000; 0.000000 0.000000 0.000000 0.000000; 0.000000 0.000000 0.000000 0.000000; 0.000000 0.000000 0.000000 0.000000; 0.000000 0.000000 0.000000 0.000000; 0.000000 0.000000 0.000000 0.000000; 0.000000 0.000000 0.000000 0.000000; 0.000000 0.000000 0.000000 0.000000; 0.000000 0.000000 0.000000 0.000000; 0.000000 0.000000 0.000000 0.000000; 0.000000 0.000000 0.000000 0.000000; 0.000000 0.000000 0.000000 0.000000; 0.000000 0.000000 0.000000 0.000000; 0.000000 0.000000 0.000000 0.000000; 0.000000 0.000000 0.000000 0.000000; 0.000000 0.000000 0.000000 0.000000; 0.000000 0.000000 0.000000 0.000000; 0.000000 0.000000 0.000000 0.000000; 0.000000 0.000000 0.000000 0.000000; 0.000000 0.000000 0.000000 0.000000; 0.000000 0.000000 0.000000 0.000000; 0.000000 0.000000 0.000000 0.000000; 0.000000 0.000000 0.000000 0.000000; 0.000000 0.000000 0.000000 0.000000; 0.000000 0.000000 0.000000 0.000000; 0.000000 0.000000 0.000000 0.000000; 0.000000 0.000000 0.000000 0.000000; 0.000000 0.000000 0.000000 0.000000; ]
occl=[0 0 0 0 0 0 0 0 0 0 0 0 0 0 0 0 0 0 0 0 0 0 0 0 0 0 0 0 0 0 0 0 0 0 0 0 0 0 0 0 0 0 0 0 0 0 0 0 0 0 0 0 0 0 0 0 0 0 0 0 0 0 0 0 0 0 0 0 0 0 0 0 0 0 0 0 0 0 0 0 0 0 0 0 ]
lock=[1 0 1 0 0 1 0 1 0 0 1 0 0 1 0 1 0 0 1 0 0 1 0 0 1 0 0 1 0 0 1 0 0 1 0 0 1 0 1 0 1 0 1 0 0 1 0 0 1 0 1 0 0 1 0 1 0 0 1 0 1 0 0 1 0 0 1 0 0 1 0 0 1 0 0 1 0 1 0 0 1 0 0 1 ]

-----------------------------------
lbl='person?' str=66 end=76 hide=0
pos =[654.604596 190.165962 14.833597 28.617336; 655.118067 189.346985 14.210902 29.353559; 655.631537 188.805963 13.778223 29.830541; 656.145008 188.485786 13.488105 30.098380; 656.658479 188.339323 13.350238 30.219075; 657.171949 188.469031 13.359157 30.064338; 657.685420 188.736105 13.378205 29.747240; 658.198891 189.105344 13.405990 29.311989; 658.712361 189.629246 13.451664 28.705754; 659.225832 190.404158 13.548336 27.846384; 659.739303 191.383721 13.692552 26.790698; ]
posv=[0.000000 0.000000 0.000000 0.000000; 0.000000 0.000000 0.000000 0.000000; 0.000000 0.000000 0.000000 0.000000; 0.000000 0.000000 0.000000 0.000000; 0.000000 0.000000 0.000000 0.000000; 0.000000 0.000000 0.000000 0.000000; 0.000000 0.000000 0.000000 0.000000; 0.000000 0.000000 0.000000 0.000000; 0.000000 0.000000 0.000000 0.000000; 0.000000 0.000000 0.000000 0.000000; 0.000000 0.000000 0.000000 0.000000; ]
occl=[1 1 1 1 1 1 1 1 1 1 1 ]
lock=[1 0 1 0 1 0 1 0 1 1 1 ]

-----------------------------------
lbl='person?' str=86 end=94 hide=0
pos =[667.156101 187.121564 13.122029 26.181818; 667.940571 185.903805 13.407290 28.312896; 668.725040 185.934065 13.692552 29.313320; 669.509509 186.017580 13.977813 30.010239; 670.293978 186.143452 14.263074 30.540396; 671.078447 186.494470 14.548336 30.982569; 671.862916 187.086813 14.833597 31.300921; 672.647385 187.883974 15.118859 31.522386; 673.431854 188.948203 15.404120 31.661734; ]
posv=[0.000000 0.000000 0.000000 0.000000; 0.000000 0.000000 0.000000 0.000000; 0.000000 0.000000 0.000000 0.000000; 0.000000 0.000000 0.000000 0.000000; 0.000000 0.000000 0.000000 0.000000; 0.000000 0.000000 0.000000 0.000000; 0.000000 0.000000 0.000000 0.000000; 0.000000 0.000000 0.000000 0.000000; 0.000000 0.000000 0.000000 0.000000; ]
occl=[1 1 1 1 1 1 1 1 1 ]
lock=[1 1 0 0 1 0 1 0 1 ]
